shouru = [230,233,226,231,358,263,200,221];
zhichu = [10,8,5,6,7,11,12,9];

2374.21428571429
48.7259097987332
0.198678531289432
158

 2374.21428571429         -29.8571428571429
-29.8571428571429                         6

                         1        -0.250157002299438
        -0.250157002299438                         1