%{

v=[1/4 1/4 1/4 1/4]';
bm=[
    0 2/5 4/5 0
    4/15 0 0 2/5
    4/15 0 0 2/5
    4/15 2/5 0 0
    ];
c=1/5*[1 0 0 0]'/1;
%}
v=bm*v+c
%%res=v;
res=[res v]