%{
i=1;
M=[
    1/3 1/2 0
    1/3 0 1/2
    1/3 1/2 1/2
    ];
v=[1/3 1/3 1/3]';
b=[1/3 1/3 1/3]';
%}
i=i+1
v=0.8*M*v+0.2*b