x1=[
    23	1	7	2	31	6.60	0.34	1.71
    34	1	17	3	59	8.00	1.81	2.91
    42	2	7	23	41	4.60	0.94	.94
    39	1	19	5	48	13.10	1.93	4.36
    35	1	9	1	34	5.00	0.40	1.30
];
x2=[
    37	1	1	3	24	15.10	1.80	1.82
    29	1	13	1	42	7.40	1.46	1.65
    32	2	11	6	75	23.30	7.76	9.72
    28	2	2	3	23	6.40	0.19	1.29
    26	1	4	3	27	10.50	2.47	0.36
    ];

t=1/5*[1 1 1 1 1];
u1=t*x1;
u2=t*x2;
A1=(x1-[1 1 1 1 1]'*u1)'*(x1-[1 1 1 1 1]'*u1);
s1=1/4*A1;
A2=(x2-[1 1 1 1 1]'*u2)'*(x2-[1 1 1 1 1]'*u2);
s2=1/4*A2;